33112
09014
66014
02110
52480
24423
77273
25708
75158
74576
40849
22873
22126
34991
72629
47357
74156
47862
89678
22167
50797
26073
96374
63021
29792
05442
39406
39912
78260
95736
24133
52313
43149
14019
42544
28151
11261
06906
74206
67589
75901
62738
85950
07408
38811
56138
45552
12535
92790
68427
09832
92575
98017
39655
00155
62754
44436
47189
68635
50216
99823
16932
05217
09457
17712
18254
19271
56006
26463
64126
81838
37401
08172
76688
23238
06349
25028
54984
75396
72162
32234
34048
85351
25806
94286
03542
42356
09777
88612
59291
90878
64016
27270
30697
12681
83276
54281
94413
65402
77802
61199
65477
22088
98400
38110
17727
51287
26228
65622
64355
47169
93071
63883
67055
61593
49494
78498
20713
08351
93373
82410
16475
61409
40195
62032
88413
19799
03009
04150
12861
58784
31246
56380
92524
90513
53164
28445
73105
62990
94494
15211
21358
52726
56423
25732
43269
29358
09342
30456
09630
80151
52199
40555
46862
17114
45993
04888
21638
27014
22573
98538
55884
79824
86292
21599
16001
79974
78654
39649
32454
19799
58692
48335
06138
62108
03982
17257
00739
05309
00037
53395
84615
60626
29119
38821
34701
30062
23761
81013
47180
98839
09418
72981
03952
32559
50792
78748
55312
30030
37281
35964
23865
32402
05736
13659
57898
26076
14898
71623
80939
21804
83942
40272
55898
59740
64238
91491
65614
32414
64854
81270
06344
22061
34703
06368
57331
34375
08211
06388
83387
17281
72240
58867
28304
96684
45467
90590
74128
54832
50402
94693
88798
72857
60747
99226
12618
89393
10842
75121
89324
45575
30731
24918
53760
24212
17231
24538
69229
70888
85515
03695
51006
86964
58948
59292
62970
23889
67920
41122
58254
19399
15276
57180
02222
43863
37620
41431
59545
89993
03033
65263
35337
48633
70852
95872
29936
24139
86554
66911
65768
07228
24716
70162
86153
77495
27972
57904
25532
70484
06767
64288
71156
51315
60418
28307
87230
38082
44622
10408
12784
86433
44441
74734
39650
72452
35576
43133
13076
54427
44778
43139
58907
94406
86444
59038
47101
20415
87100
15624
03159
48598
93809
11125
68142
71764
41264
70164
83445
44531
31762
97545
31362
73210
05427
07707
10075
20350
42168
31290
79634
11784
84978
17426
81897
33569
51272
96282
06516
92229
26448
62537
12948
65055
86223
25929
03872
58578
60915
17572
94043
55572
80746
41361
65583
85961
49121
44799
62809
57780
14383
76038
16575
84560
46463
56158
37460
11136
17383
48664
29969
72522
54333
49395
53274
77730
21538
15889
73818
63321
60852
50443
21654
38267
12787
71776
37089
30363
34243
95378
24522
37862
52500
10508
34160
94312
49990
42715
46921
21224
40511
40502
59066
15950
03413
84510
36110
29486
58844
33692
27717
64921
86811
95364
43809
84204
40801
08356
54391
85427
06111
16164
39626
72246
17844
44562
32338
82560
78802
34929
32973
20954
24741
19798
11003
69837
13121
87587
91314
02719
69479
17782
20116
26455
86346
96065
18982
94484
87218
86845
44840
01370
75176
75730
06524
83173
46919
41746
76484
47651
04684
56853
34540
30966
19457
80280
91249
16125
75319
41144
85236
55889
45584
11822
73657
14417
88420
78366
49693
92697
87208
46794
51945
06661
17647
70235
54451
65206
42006
83324
29522
34631
35914
68310
01483
12912
96431
15915
25213
89586
24972
20728
96283
58281
55263
39291
14969
38663
79182
21866
28891
12366
03787
36282
02522
38500
30333
93475
45446
42617
41346
05348
05267
30478
07583
91533
50785
05513
47483
60169
18608
86879
94705
44914
21948
72779
46055
79954
86919
36289
79339
44670
36180
36326
19485
05389
63800
74525
14860
85585
49788
90182
35483
99149
33040
52423
54635
05727
83196
51337
10169
27292
57819
17367
21316
73590
00914
78633
35271
12505
29399
02474
96991
35587
97888
46118
78337
03590
91655
56410
42825
79289
45140
54376
32411
13552
02266
67669
90435
98615
70996
55101
63455
62677
49898
93785
74351
69862
51111
18829
36338
71789
51302
22611
86652
88872
07725
50797
50308
26910
61398
15988
02664
28511
35191
61661
92200
23950
76325
05966
58005
42298
16171
07622
88656
24949
92996
61144
57482
90330
43613
96552
50793
08041
19440
81980
97798
41536
57594
98701
39778
16292
19255
04441
33636
56230
79840
19593
59313
49372
73136
31028
52672
62748
52810
87028
05094
89712
99788
06969
10139
70573
12874
00367
51447
66582
00531
24695
10859
27457
05556
53017
91450
97085
88102
17413
90481
21775
27479
42870
99134
42986
29157
32556
98705
11510
59358
09932
62936
35085
25100
92640
19634
96701
26678
08796
23457
88095
97170
30923
72588
24194
58374
71319
25895
40332
87307
45540
04240
95250
02630
76456
13789
27463
78532
58355
56048
68042
78925
14368
71506
94452
07689
24641
86670
84414
81767
44842
57725
19111
66699
56500
69399
01550
00932
85467
75859
61696
97043
50657
08816
54010
99063
48884
41079
23985
28272
56757
57055
45893
49278
16227
72882
18777
43033
25967
09204
19584
81265
78806
67149
37636
58431
40503
36911
21410
73872
88055
03529
74884
58397
58282
53386
16131
50370
71238
15811
90708
62478
89287
29767
04691
07645
42665
12510
47638
38911
32855
38135
31327
43607
55434
54346
46402
57684
52279
09395
99947
37678
58214
17499
96670
64506
27079
05487
88811
48160
69716
76023
20417
56333
59947
80234
29817
82669
32470
55378
65935
92022
93928
15266
83443
20920
66345
53993
35661
26957
88377
05538
87594
10545
01819
05898
58819
04631
19480
20456
40631
40776
15941
96902
76833
79803
47965
17999
06094
15017
22730
30379
39938
40288
78181
70741
23673
46509
68560
26571
70091
07967
00333
48054
78409
66120
55894
15324
92398
13498
69875
15344
34391
09346
12656
69810
40755
48321
58842
79825
63963
30264
77922
45103
05405
18275
21471
95107
08951
43873
64760
48449
23294
82050
00754
69939
05266
23394
48265
56865
01005
21085
19794
43020
40822
51267
67885
31350
02646
95610
81106
59380
00503
11090
15749
01097
35013
08868
20103
24184
19978
47384
18346
37474
60593
81102
76789
75161
09720
58403
31394
34267
13528
33067
96048
76045
74673
02601
82217
65384
10157
55311
65633
76010
25214
10688
22064
16263
56362
44539
96205
37340
85097
57034
08410
06429
88814
70214
02403
15712
68792
67902
59536
62604
16710
71173
89248
96444
78893
99460
90720
20627
11218
13576
47011
43611
73524
91042
47801
76969
13378
62774
24550
91110
93681
18215
48021
33085
06126
14208
61689
90388
04032
58457
29824
12905
52497
65247
40453
24442
50123
68892
16980
74233
61017
01562
66865
50555
59980
88031
30165
77205
90390
67014
56830
15843
43175
66983
22540
10185
29373
45931
59188
52035
88982
53660
36924
05583
45250
39910
22550
77538
18379
96438
33011
10416
06634
26503
01083
08755
84683
04406
95362
37813
36688
87569
38910
20651
94012
76391
92782
85261
25289
45274
68799
26794
20253
77111
43100
54408
48677
44668
88637
54823
50295
09200
67127
61210
85028
21407
49074
72732
04987
42020
78678
47336
34934
27750
74422
79017
74054
51037
05169
62936
21872
86110
87065
71280
76102
60190
40146
20574
80597
70226
61039
80975
97625
41303
53010
92506
89862
70613
93135
89841
91701
27228
79967
00388
55737
16352
98146
77159
91055
97806
61738
59748
12482
99990
79272
05768
60007
03756
29320
51580
73129
99523
96044
86207
08024
71173
64669
06605
61823
95135
46216
88981
81376
67249
89144
53481
86241
95367
77029
87120
84895
24152
50414
98212
97913
97542
25318
99444
40549
04817
80008
42871
89497
80792
72919
21375
46462
87462
05240
06209
21796
69847
20340
52565
81379
48317
73235
73522
47970
69653
11936
22395
88185
36849
19982
19328
22357
35113
05106
46445
36210
17516
45101
92437
49064
06957
27417
01104
27217
09132
00582
71047
40606
67352
78313
40959
29800
53242
72114
51787
47411
58732
20048
89177
76106
82065
19147
23187
37721
33638
57600
29671
72332
20051
22926
54085
66823
89967
28898
90328
28943
25019
79279
15406
74034
88089
61886
14286
78456
31170
49032
22336
34580
90452
29796
58892
93352
39944
60428
19561
43337
75067
79625
15727
83179
47439
24350
10014
01097
73829
05674
26207
63280
53772
44905
72253
46128
82523
31938
53372
53873
51477
22742
81202
13201
01400
97109
96803
70297
37571
20525
67862
38014
33225
93847
90556
04144
09774
68528
54010
57549
61320
47702
49608
09261
57777
68680
55219
20563
82983
30012
34607
70282
06676
51241
83038
24274
57563
28567
96808
19330
69919
44791
80750
59693
40394
69322
67317
68388
29327
73507
68706
24682
40850
03062
77152
68514
32628
59990
16100
90430
07893
41140
77093
29897
92889
62280
01316
18061
09366
37498
52592
89377
05707
79900
38321
17028
89310
21420
89779
52291
25951
47446
20146
07274
16043
95068
66700
06525
12489
92936
40260
23144
18512
88890
05575
29514
65064
75342
27391
75295
10737
49452
94713
28274
73346
16473
10412
72646
11678
12667
61446
80594
37511
87510
52722
24229
99096
66495
08292
27820
40056
09877
57129
85652
94208
09118
02205
94948
49356
72938
11195
46887
29039
68610
71962
56629
83373
73062
10034
13221
48039
89581
39846
12095
00381
76932
43863
25131
76441
94764
12988
44764
06188
29561
36623
66751
35843
65501
71193
34665
07255
32346
95635
41835
91000
38264
80925
06841
05955
09315
53213
13307
32935
95407
52912
92844
00350
99955
68037
05265
74408
47722
91267
43898
25827
92073
52017
27717
62009
23724
93421
01146
93286
77408
02466
00336
43584
05009
08842
26838
65792
99163
68923
76768
45114
53930
16932
47639
27516
20728
58792
98252
54595
27868
31293
15219
00987
74157
83981
76837
04356
30406
22201
69329
64386
95319
97235
84378
51437
11568
23502
20203
36781
34018
14854
69243
42113
85321
19918
07606
95528
18746
93441
91377
22898
75199
72323
90008
78920
11330
27371
31336
21188
18255
41414
48669
09803
55014
22254
53306
30915
90712
95799
67264
79097
54917
95459
60255
27288
40492
57767
01287
08106
14802
01875
65237
82799
70421
14198
77572
28402
82036
85064
57581
30554
15399
39333
36935
54794
20385
89445
58264
49298
56386
36796
47663
90345
06496
87414
67640
46912
06514
08038
66928
44437
49751
96084
63886
49663
13882
42281
93527
83121
03954
83927
39525
42221
78015
29270
12086
71332
47054
90628
71871
92713
59407
32561
04807
04260
46562
06923
13079
47371
67362
81782
38437
70306
86179
21363
69619
49744
16241
91925
33872
25428
10647
77188
42319
04526
73832
59971
15275
11366
70535
09388
04995
54152
56845
21655
25126
03312
52184
54255
03041
25091
83730
26112
28589
90250
50007
83301
77431
64934
29724
35613
48557
84822
71976
49092
47506
79721
60748
92066
17595
32085
80808
53928
20851
85085
70782
24190
74263
14013
96190
58024
79034
18631
11603
46396
74870
17286
38168
52443
14695
93351
79047
31211
00877
31120
36370
66095
24130
13767
64405
78460
82039
46844
34787
33968
14488
71537
26092
11840
09797
32631
16680
47963
69844
06877
99964
08783
16231
81200
21319
17499
72711
61026
65230
07029
80538
56378
59898
53200
55940
83088
26607
11241
87364
19728
28480
39373
78421
04830
19010
95317
38555
46535
84173
44114
31490
71654
46943
00536
91165
08762
65377
00032
56676
01551
64600
51542
63840
85540
92236
33443
01627
65574
34549
25868
95665
48685
77784
54307
06062
52530
17714
70921
34351
97957
91429
57105
95696
01107
13339
19340
14452
23361
78651
63456
08600
39413
62494
83043
81594
39351
56549
67286
17062
98925
91058
52282
32998
93896
34320
18784
66670
42887
43842
15565
77003
49258
94266
06924
63231
14098
13374
45635
61410
63431
07932
65107
40905
30280
09980
60775
03174
51974
77898
79507
55218
13184
10508
82716
72932
22170
68067
21074
73586
62116
77860
18012
80602
70698
93585
19814
60043
70659
65499
96509
50926
06709
88645
26929
62929
73006
56294
84764
19233
25492
46312
12447
81453
86121
83523
17693
50335
38179
59665
41043
27331
90427
42019
80513
78917
00586
63196
48294
96190
15045
77767
87445
83486
22631
95204
66362
03793
31849
82989
38285
12608
17332
65224
14689
02522
44774
24896
46516
18209
90113
81506
04913
50233
01728
68105
59736
17496
28677
21031
82916
60854
32571
98959
50291
98389
51923
49268
77136
59072
46833
35413
37280
73575
39027
62593
48546
18882
28066
02088
27789
04590
34661
15988
20910
44483
56301
88999
46763
99835
32531
27682
77655
36937
06967
45683
47946
11116
38447
02894
43379
95678
86689
18292
14854
40088
74753
93121
37520
12127
34123
76548
57626
12051
08789
66878
15237
42059
00340
28089
87275
21411
02018
40079
05274
68098
70064
78774
03931
07712
73095
10811
07914
13869
74735
88209
30257
17434
30814
38907
07128
47321
01455
92292
98553
15269
32321
19151
14382
83088
13849
40023
14975
17292
36835
49685
24790
63808
35346
90539
82419
74664
79012
32878
79164
97101
01491
32053
20598
58312
09969
06461
57293
61972
05048
79045
88660
64382
93002
49248
09676
17957
91641
47536
73050
35217
72225
71121
58130
68206
87870
84004
71101
79820
34263
13896
96143
02891
46510
91886
65890
52222
64696
84496
79687
44443
45419
19774
96039
43221
64904
53019
34310
36385
40488
27864
62054
29763
82543
29418
66325
96741
96259
46356
26325
79796
02902
33197
47777
68521
10642
32390
08745
15186
70015
91426
85167
21773
05831
48590
05027
43526
22989
69134
16843
96468
28729
16282
54971
25517
32661
41186
34885
65960
86909
71158
12423
16147
98042
21725
76925
86196
26016
18310
57541
02166
99311
50706
31232
75627
67113
12272
47433
72979
17580
70805
00076
10042
34766
46150
28513
61706
16344
17793
02191
09484
35121
75492
08899
68930
83321
31994
71034
72533
80602
78222
46394
25694
59011
82504
95184
67274
91197
03702
92296
57969
20940
93110
85836
59137
12051
41322
33296
55931
37961
72579
92694
69602
16963
54784
76542
73495
43720
72829
29635
10959
17136
82788
28129
05419
99015
97576
39087
85184
88580
80697
45959
48253
30740
32996
09715
47879
32121
25316
82793
27491
82933
96236
07794
47879
42610
75881
15154
00160
47551
58906
44200
05094
37826
20019
45220
34717
22964
45490
56312
48073
93120
20737
81895
43643
85040
03015
65336
68821
08899
06693
61782
23176
32889
68112
62035
30370
66126
61309
48963
61888
96001
71474
27495
19548
07264
45798
77791
54317
57538
83624
73278
78011
08193
21373
85803
73297
11653
96395
90904
89978
80036
13767
41604
67920
34883
31058
71465
84878
29533
28865
93966
15376
95109
87473
54875
31969
75775
54571
53001
12245
76993
74866
59123
91500
88764
09689
32283
73985
80324
08083
47389
23483
04083
37813
31630
48663
20884
18832
97289
95553
67064
26816
80641
97544
16224
87712
36856
79355
48871
45037
37189
12172
83601
09077
34709
20148
21117
73345
60109
74712
01921
37090
97940
59392
22530
50931
06818
12307
31978
48313
59939
79725
79028
67809
39548
66436
94128
33282
96261
50840
24342
10537
31707
39214
00042
98684
19362
10350
23339
02275
21966
49658
69397
13674
17621
36589
48801
12151
88508
11847
40100
56485
13909
98440
13871
48589
49366
76489
69560
32928
58525
32117
94551
13781
93688
42778
56327
61199
88124
29077
23968
17868
16824
56739
62997
32563
45545
45462
81560
90074
15645
53243
12471
84999
01560
03634
18838
26599
52281
28728
14504
34351
04248
43370
31635
93853
65184
84073
09850
20491
78230
75137
21585
60364
50121
72964
71513
50809
88548
74756
82253
07872
02280
66780
84140
35763
96523
63402
55526
58056
03932
27921
43815
70823
08801
15916
36754
69205
26090
93480
69182
07978
15231
97161
57910
81159
74475
05865
80422
24958
32579
36483
71819
33416
83432
26477
18577
16909
41196
16845
02683
34060
22986
80216
73700
37637
83001
73453
77294
67593
98795
93489
19921
96655
50845
74530
51648
23435
44421
17942
10438
05887
08315
34439
12975
98509
53662
97573
54814
23348
81146
04851
51423
06874
88029
92391
19118
11582
11093
97180
56896
89359
72091
48592
18208
84659
94967
02052
32360
23504
96365
09352
74262
21131
39096
15809
60181
40415
28625
62938
68967
63737
88032
03165
11317
95679
25382
51076
68926
96473
85012
20033
08453
36133
54019
11795
32241
03407
15692
01999
35293
57168
30033
73193
78059
99508
76699
13237
10479
64099
88465
41087
65511
48184
96759
79262
78084
97614
13308
89511
71740
04775
62093
84859
52712
27730
35564
97448
56141
95279
57557
73504
10621
50648
71472
00072
45131
73882
66005
98827
36637
47471
92340
89298
90406
15921
00506
55255
86862
98339
41157
56741
09528
34612
27707
71135
22977
59217
61300
12719
04774
16457
38909
27408
29669
87058
29688
42986
20261
01340
54566
36589
75221
81937
13001
46200
32489
67681
36003
05569
47656
53031
82428
70712
92985
64735
87897
42103
44809
17045
13816
06895
59800
58302
94129
32377
92602
96241
32185
84804
97992
10741
92000
13574
89290
99977
25714
81333
80826
84164
78874
81032
09575
10611
67062
59618
12407
39055
73300
92756
99033
32857
09513
06805
03215
25644
79543
82953
23120
24369
50651
52066
63024
53957
95740
95186
85562
10861
23237
98095
77923
15897
53817
85281
92171
05871
12252
27558
49946
35090
45762
66949
47180
39883
06552
75396
36228
33570
31780
84282
36292
25212
10082
86589
94792
37870
07799
41169
99201
90809
77874
00099
72788
98374
58462
52755
57388
90731
99910
96030
25443
61489
56033
61903
19021
01161
60893
07195
28388
43805
21407
69332
78433
80757
64974
08577
54611
50821
76004
22657
84766
54315
68908
90334
10003
28713
35573
98078
62527
41406
13232
55520
35285
61218
37543
55355
26930
01007
53880
83863
54835
91695
43814
53636
53690
98245
64771
41570
95512
32052
43471
56699
07013
40843
22244
84324
61733
68832
37124
13317
80103
25014
05709
27675
86917
54786
93815
15803
05247
39568
33251
28976
74255
28100
23754
48493
45549
26957
04738
25441
97400
55936
93570
78544
58445
54290
67908
78453
33263
70042
11864
34561
89311
66906
88274
55421
90288
81351
60770
96867
39354
65316
90335
72227
25604
32817
26565
92255
68633
75271
57520
92912
12254
70878
50510
34850
22694
12750
37664
82111
31769
59054
70246
24955
67551
87839
89716
41267
46789
73593
41250
05585
15737
54098
79163
79054
60091
90996
54475
17559
63492
80399
54578
27138
83310
73020
11980
38864
87638
11842
59479
64098
19461
17234
77040
48584
93422
62453
31255
38085
57168
56646
78148
98120
65890
59637
60778
84021
30673
29999
92931
90431
88359
25817
69225
41524
10126
13951
39602
65892
39169
97669
37126
10096
95989
94055
68588
00922
06458
08852
59406
40292
95021
98296
71828
43417
29171
77095
62582
15589
09755
60203
61849
83819
44346
28980
50733
97325
51141
19324
72378
76358
22173
46869
17695
75926
06987
11048
72568
77305
01554
68514
56975
41087
64695
17661
03220
62347
86606
10140
81596
68497
48679
07606
11295
80779
81794
65172
25393
07258
90084
93164
35721
70875
89655
54241
16591
40619
38462
77669
94199
27159
34770
89762
06420
18971
56302
09302
76072
05470
58402
07199
85876
49942
77703
41721
90711
60478
71761
53869
32015
02877
33117
02290
72729
94117
79918
61187
68308
49045
72990
96927
94148
00663
68029
82979
46041
05009
65769
37193
90819
62187
25646
90065
14095
05839
72085
88323
08332
98844
43044
83602
70884
84886
08324
69354
60749
66817
04455
43029
04677
62235
80057
78285
38336
47184
01102
70107
20119
73009
28098
23946
31895
11703
90840
91551
40988
90352
16152
45869
98049
48655
20106
05754
74964
28200
11748
15819
63508
82981
62426
32226
38346
33906
30235
58287
54039
95469
12636
99421
14056
18502
10324
54596
10600
24577
79596
71774
44631
82596
24805
61278
13082
19759
01530
39466
12253
59660
33198
61676
81095
53287
68000
48619
05782
64621
35725
22170
74930
40190
29530
50524
85617
62226
80834
54958
72799
61971
41232
76397
85750
22076
94735
77578
58829
28002
31562
87965
63275
35939
41475
94973
94419
86154
35584
56540
99551
57504
77668
45378
01662
07580
48801
10008
74631
79095
86105
38416
22834
97859
74454
95973
11604
55093
86094
91098
83851
30514
18290
81764
19326
68992
50788
41961
49583
45922
69096
36043
14830
24953
16688
07794
24949
11564
91430
89595
05017
81481
26994
97711
07688
26894
00332
52044
56477
39715
59483
10117
92844
83774
71477
61580
27890
50250
97646
40549
62722
78275
30763
63261
97179
45214
86892
41103
72794
69946
19697
74993
21355
62435
55790
83577
41312
56630
18383
64064
43357
59294
91295
13275
09503
78070
77881
29164
99003
26269
75367
29019
77440
92415
47819
02259
45364
09184
26492
42121
02272
08672
60398
64576
38038
37552
04589
11899
94541
08890
57472
82391
40361
33052
98145
35078
63668
96022
91529
83411
16003
82291
01115
25524
26226
84184
98622
47487
95265
89909
65103
20771
84466
99395
78861
70540
29588
39739
73518
28491
39776
56687
41845
37684
34437
22689
17618
40141
82706
72722
12125
63368
25436
15331
41945
66400
64257
70597
73340
68381
65119
66368
80949
26783
92241
66099
05452
18174
01429
98792
68221
80822
66343
06888
25975
41032
39543
74722
39079
71784
14423
96779
96395
70510
80645
58787
92487
15015
39094
07945
29183
43215
74662
19837
31247
11060
46585
97146
48760
15565
69449
89811
25305
47585
83241
77700
04838
70232
74070
33305
01344
87008
54745
72134
27955
65903
21593
00092
61181
88119
45878
30243
59274
63515
97128
03901
39605
97817
71094
73985
61707
06957
71154
98467
78104
54009
12196
42647
34211
53965
60326
66010
99084
93576
03644
98824
20894
15900
22190
39224
34236
68205
90407
83247
90851
38512
32470
63386
12655
13318
19310
86958
89727
70182
96735
55288
59049
36148
59395
43099
13053
27813
25072
22650
45173
30043
39313
38968
16501
63267
11486
66990
44983
79135
60075
58507
20626
97578
13241
22983
82587
90302
12509
19058
01886
01602
96620
82288
17405
12482
03579
90345
92290
31998
19344
06113
88648
91086
07173
66895
23845
34338
82444
78250
90912
55239
50648
34113
84052
27933
98167
41767
53750
70178
53460
71296
72018
64155
80081
43846
95001
18462
39195
47073
66360
01110
78000
66114
56564
44136
12898
63260
39865
13464
67543
39863
16877
46700
73592
70369
02967
79128
19138
27966
64316
21848
87034
62155
23003
19593
99750
68214
94285
52788
38298
11000
21763
14736
12506
91909
91650
10425
75115
85740
58011
21291
47677
29376
20637
12829
49508
67465
17268
69648
08131
03822
99472
14872
72346
87467
44201
57684
01970
51828
36488
66862
17977
74850
79082
16823
57506
34904
39291
21364
10510
41074
21301
59967
29541
86389
07382
08643
14722
97289
35998
71700
46717
86835
06803
65926
86657
84704
46322
73991
17774
12132
44278
45721
55558
41685
10667
69512
46901
42443
92101
92865
96821
24177
69475
73084
78796
76035
44762
12233
94245
44251
24286
15675
39680
44444
81967
50210
45384
15160
63857
70120
53357
21390
32004
51545
80033
72735
29578
62193
45547
12435
83445
32989
85448
32433
85141
88466
47088
22520
35821
27561
92984
22678
87802
33964
80490
63884
64051
69009
32299
24597
17567
46911
41298
47961
62010
48626
97936
63996
62779
77742
59480
77582
50511
27260
72125
53119
13716
94652
63412
14988
02633
41178
72074
13278
31468
26228
04036
17040
73536
30499
00493
87493
01797
54662
30220
59585
83789
11694
23007
30879
24050
08640
98694
48147
35582
43441
99967
48612
71230
22003
28312
53980
40402
03291
08714
51389
27500
77455
73579
61324
26914
41056
16927
46174
38049
22453
65720
89140
21774
91258
54512
63188
92936
20010
39445
85926
71105
00337
09854
62308
64321
15424
06026
96265
08839
14395
77310
04373
16861
98330
97909
98775
09934
71388
38908
51067
66552
57766
95013
87504
08582
10196
49249
96115
65366
76083
30174
32214
60668
87382
44861
86297
71681
48054
56064
48051
08734
66880
00995
04191
65684
89569
96879
89692
45478
42518
48673
00332
96420
61043
40215
29859
94389
51132
37283
95408
43848
59047
17118
83068
83153
42293
46076
19207
48295
59397
59318
22445
89418
53266
57794
22610
25604
50647
88336
94170
89610
85167
81091
69978
74119
64522
25884
72609
79013
58707
00867
87955
93956
53475
41903
32248
14641
66419
46268
87428
84703
83533
10687
21277
61822
09592
60405
15662
56347
02352
74848
77501
99574
47977
73672
43955
73528
63654
43500
62081
22584
83378
12399
03502
62109
45696
82424
53479
53981
25045
95970
33876
54857
30995
66067
81129
62258
17443
13559
36429
73804
15992
69168
57257
00623
17401
79773
69803
62127
04056
00589
82098
76157
78061
53544
29213
28949
85868
49822
53135
88064
31670
42726
33402
69166
29515
24627
11313
36580
91295
94002
15508
16731
77136
17915
62224
22657
88920
49454
75989
46818
39704
58643
36986
52015
02819
53924
21173
75651
58439
75787
77978
83699
49820
95602
39223
60232
59237
20196
78999
83033
60356
01446
29971
50521
08994
75597
65934
79227
51887
55400
85258
52295
66627
41651
48623
69986
14148
26953
12803
95013
24726
54026
98579
07398
36002
97936
14329
28336
89472
20034
80598
90159
20205
51183
60774
14532
75998
79985
33275
89562
11397
22347
93800
78678
33878
80539
53900
31106
30092
33683
22418
49676
75288
36862
60529
00621
37933
89832
25785
38269
46449
64343
49271
96830
70923
50793
97008
78286
96981
57116
38612
54624
11017
40292
01585
98385
07648
01196
46770
84919
56404
89412
23515
61448
88619
62112
39665
56408
37090
98645
61450
05638
06284
49192
26784
53097
80857
72263
94410
08476
43478
18849
71223
92746
32937
79091
28143
32154
43888
44864
84086
43909
79166
15929
48718
50622
21501
54017
21653
75538
84244
22228
34732
43580
84199
73844
63456
31641
21034
31595
08479
76480
98879
51718
46427
86584
29211
16143
63147
99572
08255
20116
66640
32538
79823
11452
94145
62560
79069
26918
21127
31529
17851
19369
93704
81500
22064
26155
16118
19764
69822
74972
14048
97736
04213
68486
38579
84773
07577
86582
78901
64854
45021
32655
68427
42679
98171
61997
89068
94118
49556
03381
73354
24268
42057
54776
08814
85029
73248
17904
01060
34524
21877
48822
70897
35431
59948
51815
00769
94622
06681
67998
47871
23031
74059
78235
55185
12544
98437
47638
68857
19403
68001
24722
80937
54601
26072
70783
05011
24055
04554
09403
26853
48820
31952
11481
72839
99705
82433
28905
34041
12959
01727
95127
07920
87625
17103
77030
91708
89601
22644
27854
90600
52520
73315
74598
70019
32464
92602
68140
93148
13507
14452
20131
74041
51583
08123
47200
82821
93529
33140
49150
59702
26069
22281
11815
84080
26184
48294
82289
62847
33948
07602
78035
04110
31096
27429
53064
85581
95425
54384
89129
41117
58219
06616
57741
35190
20119
68719
91913
17186
02921
86275
06285
72344
88679
48936
67575
36327
98255
85140
23437
30250
42933
71626
06364
68674
17731
66065
87608
20579
18394
86102
24527
78648
48310
36439
52426
24274
42750
90170
62265
20460
39052
89107
21624
39651
35691
79231
08697
16299
14641
39112
78664
72940
94294
48393
52311
94967
56469
16983
91251
33166
23519
07494
51327
92115
51819
11055
97900
55368
48179
59568
51722
87004
70269
21785
10376
16155
63746
30642
60672
26599
41389
44736
48401
36402
68886
91099
65653
35463
93295
77621
22241
89416
53737
13799
78222
81359
30279
95720
46129
33216
34978
17251
89463
15139
79522
54146
45450
85493
77184
40929
53579
56106
94566
21554
48993
62845
36239
64612
17354
63813
19241
99913
45381
53753
35313
60108
03079
64589
62106
75841
32952
47633
96974
67113
23017
82286
76507
81973
07861
81073
70361
05198
41718
08098
54201
33385
31359
12560
39969
16444
53015
88714
39254
02510
67361
21499
66117
27076
20142
94003
27083
06525
87437
12553
84648
22757
17706
23622
01952
06905
42616
17703
62923
08314
07006
28116
39030
40160
54003
02894
18032
15836
72074
31703
50534
98610
71412
38312
31740
53104
62481
72465
03830
98930
48917
31243
31517
98154
24698
31737
74994
89578
67312
06768
53725
63145
04006
34343
84537
72201
96887
16524
95041
41214
39116
06980
99041
65696
45351
57286
67701
42201
56181
51876
82862
95817
11189
27971
07761
50463
68065
96733
74888
76923
09061
23307
91019
45548
12714
10101
21095
64275
95169
33162
44158
54680
52988
97101
48957
03000
71139
69631
82788
27633
63759
47059
81970
98740
01007
65225
16360
74429
41013
45790
62272
53994
53687
03058
16052
73422
76920
72108
80927
39348
40478
32950
65999
85475
74932
67168
99110
12345
51842
17088
50307
85670
80932
09755
42870
69876
14382
01355
44646
43023
13451
57680
63756
53181
65457
18417
14021
21550
52204
46949
08310
78168
37077
39239
90772
51819
11660
91709
09250
58703
78839
47190
25009
27270
98068
74678
71566
52765
19637
29228
21108
87022
58655
13486
33071
35482
24034
02990
13921
54901
27975
98900
30102
27013
62287
95689
28231
92160
01859
91031
85989
76706
68323
69461
80838
72064
96818
02308
27460
55116
58363
52314
16749
86188
33208
47146
57798
36140
93336
37483
03632
37280
62532
78393
96063
53563
09229
09039
68298
41649
35982
75904
45147
17040
02262
42924
45744
74594
33937
27540
13297
38831
34297
71374
58373
21178
73302
36706
44271
61435
14596
42809
63238
22759
23475
07624
08413
51722
67035
37398
22924
52214
42054
32240
35473
73098
68182
50465
79077
12047
83088
77032
97757
13731
57812
47125
60404
39704
70573
28547
20207
47837
10344
87810
72129
80535
76321
55003
48432
35360
18052
39106
54159
03754
92945
06964
17000
95599
83725
11119
46125
91826
42859
07988
77073
58813
04735
34435
75632
25128
42703
73441
79171
65199
46308
11071
31917
08623
26941
10114
24017
70399
64535
58067
91190
96406
74105
11930
20402
78484
12616
85215
41706
45076
41066
90865
87748
82224
34246
22498
13623
19220
39900
93749
61024
34650
70839
72600
96685
89394
94157
12043
70830
56977
80120
00523
64818
40260
59937
44018
72917
26772
21588
42237
21406
45608
63576
70899
62067
29888
05323
65246
63323
26349
55251
38862
15065
45380
76902
31151
11323
58217
14249
71993
54306
92009
06887
34214
87942
91769
71914
86264
92995
79599
94671
48773
36952
60996
60699
70485
38726
51588
39006
90424
10010
47001
78487
50761
87597
67975
38368
70365
39802
81519
45402
26745
57146
83192
60566
77977
28016
99616
43766
46766
33363
32631
76635
94301
02248
36866
34745
69665
54886
25084
94523
10942
94252
65621
29027
43292
97033
88796
67976
83358
49734
39466
27526
73936
37939
03726
70169
72149
16039
94413
82270
13156
99358
72230
93163
43765
69061
03926
70571
15645
02425
54773
22038
19154
91051
56299
75207
33553
21952
96181
54498
32784
47717
75750
65133
91586
76362
57247
87245
82552
75020
20278
26174
68221
40659
11861
95615
65631
50905
12332
56139
85583
97376
63104
00527
23530
17899
29752
18786
30365
12460
51127
08181
79778
19306
76425
09233
95624
76679
16702
84140
86711
76819
94484
15005
91667
71157
48047
77248
92498
67713
64768
95426
48667
70848
83191
56765
45223
41549
36697
81886
97137
35190
18332
80621
13022
39675
24136
40620
51441
43120
01407
52202
66567
39849
62306
41409
59463
27480
46437
59521
66855
98752
13532
39855
94219
92885
75796
85128
10412
96414
10557
06581
61250
54064
20617
76427
36802
13616
79048
78547
74426
77154
64780
64222
45532
86775
34375
25530
78521
73501
30777
66427
27522
49666
22288
56905
20924
99742
92253
22113
67397
17354
02022
64187
56409
02377
46881
65108
45870
23297
12548
25639
16813
68614
50530
47222
79994
76884
10721
64007
83265
30041
10326
22284
48096
96408
80231
45259
28087
61403
95827
53424
26662
56645
93098
21162
92644
12214
62274
50563
38794
77992
04904
16013
28049
16328
58468
43424
74415
76996
70913
73396
65943
59137
00384
59540
37723
95429
98334
62983
19549
95800
08289
46825
85565
57863
20068
82721
84023
14065
40472
00398
11548
64628
02985
88603
89795
95561
75081
70282
71605
56887
79440
57189
03225
40138
00459
29259
42473
03278
98849
39689
56207
61814
17051
72599
29564
85374
84650
68204
80075
57226
12177
70836
84561
89557
68449
86798
07246
13414
02811
98065
45884
07239
22236
96909
99204
19934
15983
30800
66176
96453
65013
81636
45166
39254
16344
40880
64821
97480
42266
74108
60726
54328
65265
40531
30534
08173
53901
84648
29415
05411
68199
53976
73241
27776
28976
87216
65565
40495
36770
68805
93226
31493
12558
52409
67150
85067
55049
89482
76904
31369
62745
02606
01266
56515
66151
11625
42347
54295
08356
25761
35540
93435
89778
07373
95208
43766
58790
40083
39989
82497
18597
29784
66417
67428
53906
79470
01513
42595
63279
43007
54013
73405
93677
59811
98326
29115
54789
11697
92509
14947
02961
64467
95083
13056
68703
75646
79764
14849
91759
28507
30400
32043
04268
23976
83573
19653
92495
38623
79228
21667
32389
20670
62981
65778
32081
01282
54230
01649
64250
70262
68982
58307
71106
82375
94264
57650
89998
17053
20733
63718
01613
14146
48535
14003
63813
89945
83782
47954
86457
29095
81783
80591
18396
14907
77271
85454
50643
34503
81041
17874
77551
82179
01598
90972
39185
66214
97819
23768
46284
49098
64123
37506
41306
40696
21292
45245
90606
77072
89691
79127
13977
31437
43054
84032
58529
82579
93204
34539
25190
59408
56926
98699
26668
56059
19133
12950
91246
02441
26740
70082
72637
84313
08874
46428
66737
67988
75719
55149
18983
92219
67041
48464
64920
76571
86618
71783
90900
60979
70670
68789
56856
66256
98948
53080
46338
32591
55757
53703
92910
88743
71488
45465
02326
60045
09955
37710
48230
42990
74802
30306
63511
50273
91188
58027
92732
35271
23569
07357
05612
33383
99753
64973
31957
42974
63564
07582
63537
75237
08595
86475
28042
67332
23222
80166
03662
98815
39734
29758
42906
42408
63077
93402
21362
22442
99943
96605
75282
64674
41171
01070
05437
42379
99520
24468
21775
23427
81728
88394
23851
06035
96348
73573
75197
29984
42271
56099
04626
55468
47391
33242
91652
68547
96173
90605
12167
93975
04257
32312
59795
16355
58854
76475
43099
53227
78745
25771
23657
08328
06638
45779
80516
14154
30791
23589
41574
27221
64563
33774
32649
45057
77318
05310
30197
35882
69370
60441
92521
23230
83843
61762
91832
93438
58058
31979
81331
46215
66352
32723
77134
13460
77390
37555
13026
70356
81528
72474
12847
63851
46432
46076
37103
88630
49289
78029
17386
59527
94269
82525
76624
74730
60364
03780
70620
19639
64406
79697
26205
89893
15932
95790
96268
68373
15881
02638
71520
75778
41004
35608
26319
09347
89136
18098
86499
42564
39371
26097
36129
01068
17208
07710
15061
14670
93838
80554
08520
46398
43271
29929
98870
82094
43616
11894
40333
47467
03819
81717
64576
67949
55156
98531
42860
31526
39506
27897
51235
14926
68226
79992
83751
25715
69278
76540
42711
20317
26930
52816
27792
62055
06961
08864
78990
00378
98108
48873
37203
83574
44894
82544
72838
45009
13190
73182
63604
83390
83109
07325
99665
66218
97182
47509
63041
75904
82247
40346
73946
05028
86671
04168
47725
66030
05080
52332
46219
99972
89065
44523
71620
73496
66874
00546
52431
37383
63041
48650
70913
67093
28596
15228
29276
48509
58629
81464
70498
91152
71557
04308
64896
72248
27248
32073
29619
56814
50579
79603
01793
32755
22267
12911
46965
48228
83003
04981
37464
36425
54025
60851
05129
60658
22797
32322
08892
54105
74144
62843
71518
95457
06872
36700
78410
12539
72562
88273
34027
29185
46596
26475
11292
52935
05849
12118
33753
37826
55853
47723
82213
30513
93143
97700
81815
92781
98136
00165
34645
35182
20035
10091
66385
46295
44498
04103
24087
77981
00373
71318
87510
98037
33031
14958
01339
43061
23735
16602
39867
99965
04728
98783
77248
26089
31745
84466
92343
63564
09501
47195
66659
23345
68640
45904
26281
98306
90676
13461
39362
18546
50355
20632
92555
17018
64386
20616
96321
09116
85914
57427
31053
23224
32702
39881
06765
98888
25797
94900
60784
23152
06178
12614
77687
21089
11370
11237
56678
73439
61487
13902
64248
61244
73136
36451
89789
35798
79413
80357
84273
24607
88795
74398
97549
90690
43392
65478
93884
60114
84598
75347
66062
66967
90860
34554
57659
57689
89306
18859
92516
21810
30946
27069
07496
48087
76546
18146
18217
93533
33688
26637
88424
48395
91383
14280
08635
45950
27020
71897
76780
33635
61380
00821
66112
38916
61710
37532
14666
34473
11676
92598
26645
40573
72147
69308
00722
69446
59606
35281
23075
70789
41767
67533
91672
85760
23927
42027
36635
41486
05599
17300
02190
43731
44146
79263
06886
97172
84044
02343
76927
98379
30932
93487
35206
55296
29853
55386
39342
20981
03252
11107
06877
17816
70726
16079
99531
12959
44305
56565
61053
14943
92057
75707
50009
86979
81550
49357
39244
86891
81372
75539
72418
69376
39818
92035
75686
00053
35888
60070
64884
96310
64540
67933
32638
23434
44750
97199
75874
51451
41556
75073
43924
39725
03099
53745
15950
20202
92588
65311
49242
00261
91452
72178
12442
77349
62700
39067
93173
93440
00393
01805
20951
66199
28028
11160
22100
57859
22763
68613
12663
13688
59464
81520
32326
93739
47786
92370
20969
58170
38055
99372
67679
10760
84909
46914
53786
80401
90104
24396
09485
70566
63932
64696
11368
33155
42750
53887
79866
66962
78174
80076
50340
43106
86854
94187
72773
62793
91017
44841
37825
70026
67497
12325
63702
34197
91995
64662
12055
03788
08985
70102
77778
06170
68883
57779
44614
76389
93071
48268
10936
28801
37617
13228
01869
30744
83293
11646
37818
20940
12713
22690
72099
92728
53105
17350
55259
97417
42153
47632
35140
60697
86852
58070
04384
39293
53029
75593
12815
45197
75127
52261
63654
90847
80021
99961
01415
11926
01678
85552
61208
16730
25827
84914
31312
46232
26539
21555
47871
55200
89568
66340
09036
19400
19611
47844
33845
88571
21487
94751
65855
74042
30056
04643
41814
10690
71252
01990
62784
14271
11807
55745
19501
78433
82791
52948
38604
24282
21868
51177
33727
97964
25491
81367
61646
15786
81223
69908
25080
64671
21806
37942
61481
15722
47311
31707
60072
09427
00337
81576
85727
18235
54109
92221
98576
60849
05224
00101
76852
91302
87147
80402
68484
23123
89443
56789
66718
11802
63989
69161
37554
60239
75552
26924
63109
03417
59152
69791
71207
25448
32285
60373
16772
96011
69661
96490
99869
19905
19851
71744
20528
04295
36177
58798
28920
22085
83984
18851
50657
20523
83352
11250
65329
47765
67697
56634
04223
90414
30069
02752
67632
93886
74680
07801
88792
33195
21649
97807
71109
21106
47689
75150
86311
24213
59559
61320
58457
75584
14245
88585
04270
75879
39262
91526
44827
11840
14177
11443
21705
51289
83035
70236
59276
65541
78682
07446
09416
33513
89515
91396
23242
41678
92306
62716
55119
02942
82152
63245
80787
37035
17445
81339
49461
75685
03829
32696
47285
52446
88699
89104
75545
54670
15279
68629
14374
47865
06672
05140
37769
01783
26526
56034
40516
30758
95086
99705
54115
32207
81429
11812
96262
83152
59043
24734
37973
94347
68931
23670
96812
47345
96487
86264
74922
81210
50057
79275
45028
02500
07964
99920
18444
58813
47523
49803
76474
85132
24867
49229
75381
46253
30095
95289
01043
21097
17886
05413
71526
52724
36481
11699
51179
95757
42272
03859
49803
09119
50104
87069
05276
14186
76877
01934
01609
87811
68454
97919
30658
88158
38786
76092
18645
51758
52163
77590
12850
15758
00942
87098
30336
15519
50004
86799
70216
46673
87806
08612
02060
78918
82793
29281
79545
84840
50711
07011
75222
55459
69499
17780
72018
85259
46192
88625
39657
94156
64839
17965
40032
16507
55512
96911
25818
79231
50730
55306
98159
87457
16045
77018
75111
08701
80981
31606
73219
31506
71034
74816
79533
87023
11112
20710
66317
98062
74781
71173
56425
03440
77012
32439
11609
15052
30536
41219
10100
83015
12315
88983
48260
46721
93300
76015
39896
31966
93831
60214
16086
47986
24641
08706
22661
03216
12857
71130
38434
52706
14715
61154
63228
35372
33870
36593
27317
95929
93878
92035
28165
00059
95397
16186
36024
33983
68370
41414
66826
75643
28584
21815
62592
75933
51350
69076
44041
73626
48492
22533
36395
68180
44620
03018
79028
81324
53642
06886
58806
96210
94952
86910
03096
97551
71169
12902
47687
28989
06075
49105
84397
75390
62011
74834
30226
51772
62512
47801
34360
49597
55667
20056
77175
74399
70553
14770
27589
86661
91817
91830
12058
64565
07369
63801
60302
60058
72857
33347
47565
27797
44924
24004
52790
29162
07252
08097
07528
52693
44830
81493
23458
60741
20319
82339
48213
95491
33161
39285
07700
62534
67282
75382
94845
52471
16761
41193
73936
90560
93672
91960
77361
01282
46346
22623
57392
04424
67945
60856
57635
27462
17131
55244
68164
64142
60772
92545
61029
13502
51091
00896
71484
78345
76512
59488
86034
79984
48093
29773
77021
03837
09039
87782
67653
36463
70129
97176
18046
12364
81653
67383
08686
91278
71641
37070
30267
30516
67031
44623
22805
66370
73724
90116
56315
58152
07699
07127
94150
75781
62748
80188
97395
27330
61454
78481
17093
23292
88264
45508
80216
59641
30656
20168
57880
73598
84398
48576
76204
34366
98592
22860
21681
83091
74273
40672
35204
41195
82046
68221
43695
58674
98095
60923
52694
74581
10917
63993
10079
53436
55585
99036
03157
56812
03434
59283
64158
00707
87849
04383
58263
31701
84623
46832
98207
38317
72110
23431
21612
41490
87991
29565
23172
95526
33524
99820
28730
09193
51270
10749
37291
18267
91911
93228
97716
29064
89529
94140
53318
76866
19883
76946
71544
24648
59640
12255
02274
16607
47447
06831
17101
54027
36872
01748
11341
53560
35782
40839
58591
14905
76057
68034
46789
15728
00787
85106
59096
11931
27585
01700
75885
37235
55730
54369
35591
54196
95444
89279
09665
33085
01795
13449
63167
17616
17679
94265
36699
55371
91287
65607
40765
72903
19649
24318
82295
84507
94336
99441
75602
35496
64136
05698
86671
71336
86630
39404
44080
70949
80136
27615
52247
81045
82813
45133
21016
06174
59486
52792
74297
53691
81947
64108
02963
36012
87597
72866
87503
22597
74784
58928
28446
08644
58111
29781
05578
68309
58439
23049
83033
57828
46557
70073
46738
04607
24201
37801
49865
49287
16870
84520
32924
72187
08018
88762
73292
70836
68834
43911
87481
44207
65652
84237
85528
35663
74286
98349
45606
95009
98096
84418
06609
56674
46068
31012
04518
77135
32161
94414
06952
52795
94728
59642
15561
01890
22625
95776
13796
16989
09912
90286
31697
63789
03225
33521
46113
61328
40571
14829
95521
76172
55884
83788
39223
89951
43698
63580
17633
40044
94950
21450
49643
32575
54603
11029
16677
28969
67300
93341
44941
15322
51993
48180
84660
75536
18290
56474
91218
31765
27906
43717
37085
90120
39810
07996
31295
84369
32219
33740
09065
29540
00597
41465
49563
86663
52274
58644
41985
09064
27055
97132
46030
09871
42324
91290
56920
55022
35968
59863
12709
66630
40443
90419
85632
45982
36182
84522
13917
57955
12078
11090
31400
40600
55618
86591
22078
59873
81955
97554
81327
04263
93070
58123
34775
06028
17745
99662
67863
94844
39390
64788
74095
89202
81557
56670
04213
18776
39961
01993
90191
97627
94930
64024
00265
92416
40501
00772
38653
24704
75679
43495
17586
80842
23766
15894
73234
55679
01409
34673
42830
51704
82484
42841
68832
16813
32192
47577
51560
46939
53316
52955
01404
68843
43797
25323
53286
05609
18258
29763
09584
39419
53404
84888
01718
67372
17763
92170
79641
07629
60615
96582
52290
89401
72957
33180
95974
82761
51631
34880
54025
05769
59070
38381
77529
32087
43149
66434
59688
71893
22250
35178
27119
74496
65054
15489
78241
34803
15475
78863
10014
85684
88452
20602
39372
17098
70744
42743
51678
70618
77250
23388
66288
83840
03822
06195
79970
32474
83633
99342
33786
21923
37498
68684
53455
78463
38523
32561
84836
94758
46859
67488
39222
71087
28279
15461
49568
22380
60357
66680
37364
38658
75768
65017
72077
79449
24953
57491
43542
59584
62674
96092
43176
40910
72559
88831
47142
48675
27987
37991
35976
38831
59219
68459
55781
80408
61125
63785
39467
21552
92520
22039
04246
76926
38958
72419
97996
68620
74968
54957
18641
29255
94600
52364
52360
85917
05195
42582
37846
35205
12642
43486
87400
36543
91250
96452
54697
59319
29191
78611
44467
35635
12941
27053
24261
55233
63249
78032
67967
54202
86469
59655
75603
48298
38012
95781
97473
28235
47621
46317
13517
98103
33431
99437
15333
55902
85268
80603
22087
09583
56776
14886
80880
38551
68250
53664
32413
52788
07640
42433
78009
23377
70180
21455
31587
05099
27571
56075
46692
37015
59228
52999
74834
36163
12477
24698
49584
33782
99766
47732
33302
52898
90050
17086
03036
63149
07449
43309
05950
86883
88194
21939
57127
06589
11550
37682
32865
86254
87954
96088
42647
78492
95595
43215
80930
56153
88845
86133
78491
72881
67161
43148
73446
79205
42814
41693
76678
43563
70909
29415
57930
69549
17325
66033
17166
57478
03580
80863
51920
31111
55458
56006
31479
26998
45376
69622
45884
77963
59045
66651
83219
64351
11170
58120
33870
51524
03101
12464
56998
02476
79896
19112
26969
31431
88852
57491
88390
89175
06098
72238
42932
17064
05937
79041
05765
66767
92834
37343
64670
77572
47299
20567
27551
58126
06186
71733
29028
60483
45565
31692
81953
36531
16583
62398
58879
83583
38392
79621
77164
29603
25428
36671
68432
75455
30220
92213
36074
81090
75703
36155
45712
31098
61857
31246
51841
69170
50043
21181
03353
43456
89735
79895
02474
94535
94509
90069
83420
98604
86961
10707
04721
59338
27366
50318
30625
07867
56713
38828
39336
54784
99693
07880
94519
51728
10562
40677
94263
06850
13845
16879
97966
19327
08411
26184
80499
81148
55594
01738
15103
82690
58973
67644
40104
80530
20607
60183
12872
27927
98213
63510
63372
37580
16024
23509
98659
43355
74010
74054
07776
51069
25996
70040
92479
70754
81905
89598
51064
73366
87381
58627
04910
02456
58984
47707
74694
58640
83323
75099
92910
00733
68099
53617
73299
10947
45016
10253
69595
07688
87542
75540
41740
83207
65188
95253
21746
52850
78604
74703
00533
22397
96472
75286
83686
12603
98876
75151
60854
67228
38521
26624
60354
99288
22935
04447
52384
94058
13897
31027
13706
82345
97489
94004
02922
99125
13800
00015
37802
45928
96307
25001
14857
30388
15010
94905
64084
76537
13492
11589
71604
87137
26116
75723
17544
79666
49903
98573
44649
54148
09028
68293
29994
01494
82060
66324
22303
62155
49657
13648
02343
46825
35799
61860
43222
37147
89449
72004
69021
36294
20755
90168
41854
57877
55798
74480
19601
91779
30694
61219
60313
67387
37026
10550
29966
55116
48264
38179
94087
90783
63682
27055
76282
62052
41200
53352
97063
29834
50674
01488
85842
30592
62857
77093
84741
66297
23212
41758
66592
52594
80489
00383
38514
80837
13013
12091
70246
10145
85641
41181
70675
42627
90513
39513
74991
33173
65620
49292
91761
01228
04191
91720
72367
22808
45126
96586
14792
11999
43355
12093
20109
94846
32146
14340
81720
01052
84657
05345
59957
81794
84619
57264
88497
47451
08328
76777
79871
43501
19779
69042
54282
39223
61303
91225
13788
35549
21445
33801
84413
22177
22990
80255
35038
73441
48328
22782
34822
78102
62834
51396
86789
83072
25940
74825
43784
55510
37887
58893
79300
62920
28989
41247
28687
62417
69057
11746
58680
02219
18694
09388
63485
34493
96015
43892
90199
69345
71631
00405
26869
45635
29891
45701
72211
79128
87298
74947
44717
58908
81397
60136
99825
87631
87738
63515
08200
14240
43495
63245
76315
52540
20820
40597
88318
12581
46696
97050
02615
85344
55237
77602
08650
52064
32039
86701
14086
21316
79903
33463
68467
51807
93986
49110
78127
59789
74533
06875
20160
61018
17772
89989
65674
94681
94659
79922
48468
36634
06822
74836
69440
13638
69417
06447
36257
04692
04720
30222
61640
71502
60836
32869
59746
97418
24878
22251
50280
85229
35403
89291
98811
77770
86517
62067
48280
42561
28193
50236
65931
82448
93229
65497
71713
09167
46348
90091
73916
44730
22354
57788
82802
55552
41120
01828
62646
02800
80228
58119
55993
87246
47414
63728
62890
86468
72453
61891
32458
59601
49669
30132
91326
90583
30688
34676
12064
16480
19182
11697
21270
43583
86074
99209
38733
69103
85382
82927
78667
24626
16330
22457
00454
97192
84044
03267
36367
66659
60409
56577
54640
01541
15781
31867
75426
75587
78770
18836
73286
09039
79569
05766
36199
13261
79634
94089
39383
08564
67648
24401
14223
06233
14661
76631
68417
78473
28289
99954
40068
05545
23322
54990
78636
93688
21704
75364
98984
40471
54688
42125
82259
07357
65806
24548
34885
11747
24314
12469
57911
26272
62366
24406
75751
10693
97292
38543
16476
14539
82080
92829
86077
45903
98117
51271
14520
02574
92393
62885
33614
34291
60659
37139
32747
07352
34482
04956
96942
42165
13267
94266
37111
37636
90125
02953
34507
02220
00479
21703
44087
99117
08100
72817
40826
14048
26561
83896
74490
08429
95343
82673
35571
39525
48808
55657
87346
32660
05479
05091
80252
36126
32002
55708
14575
83104
33073
19140
07112
35276
07286
83352
01301
61939
29419
57057
56034
56204
92434
93485
21405
80219
29287
13620
83882
55706
26211
69705
45540
68832
91069
46494
92607
89927
78849
57298
17447
07705
07293
60479
92876
08633
30626
43878
70137
46219
11766
19090
49172
31873
47008
17214
86517
40249
76422
37966
80674
80720
26205
65743
53994
86728
72259
79512
30039
03766
26929
39917
78961
70795
35036
98379
15549
16920
54430
70359
34407
05615
27303
65853
80839
07678
04400
44117
10700
55601
19596
87230
38442
85147
33411
09049
82164
40517
21334
53921
06027
16833
59820
52534
93323
95727
61522
74555
95572
65818
37993
06995
55529
46375
12207
47303
15727
52583
43229
87714
59981
75477
81772
20111
45537
12485
63637
12217
73897
94382
37795
59523
58179
99401
78602
28618
79104
37892
31027
49492
11647
42481
12166
84426
87947
31016
99252
12149
87227
96137
90127
11357
85032
22318
61354
73253
94549
79080
42844
88960
35090
40260
47200
43820
44911
42443
27890
43868
55768
32851
28323
03290
49858
03913
22083
99179
92260
24763
38582
79504
62405
03916
93711
38444
70915
18712
27682
28883
09044
34972
70163
85345
77565
28128
72714
52181
24585
26882
03436
11829
91910
44623
42254
13075
95115
49670
14789
46818
44049
80053
30949
39902
58341
73566
54856
82827
76439
95634
51865
38038
28367
96973
46659
95679
40382
00419
71042
39247
36118
06438
62631
28916
24457
84339
11138
38532
54261
56339
92618
77430
28506
42246
44691
64282
86977
93239
87607
07311
63148
47284
91784
47887
12503
75176
68244
10262
60394
67337
10047
47261
67735
22014
84122
00328
68395
71985
84400
77740
94112
82782
45699
81139
56391
25091
86623
08314
86046
87257
61520
30072
12805
94876
52604
17660
10807
71048
71865
09642
24051
22027
70979
15781
99991
71558
67876
75563
78603
12121
76170
67892
55473
00118
52096
18882
52920
73540
38644
90151
51784
40706
72202
05587
41768
55601
22374
27711
88468
98058
74010
69928
37190
75114
46179
48519
20083
95484
59080
75598
43561
00973
92685
42898
02961
60638
43823
50470
98748
23952
73574
03202
59802
47353
37237
34080
00074
87886
08194
56100
98350
28601
73885
58511
32376
10751
83698
24163
24567
08245
09185
20985
03170
14702
65385
43140
67962
40353
12750
76583
39228
28197
26377
11534
57673
54648
61739
46164
25570
45259
45922
45586
81865
90651
01316
92645
74927
07902
26567
52893
05283
21707
37792
54805
75612
08603
07972
97556
26685
20468
29205
10123
95480
89103
82328
29354
43619
28422
80563
01593
79781
46769
30601
32552
66917
48473
19240
42278
97748
53406
64845
35507
68759
91061
83565
71457
95423
50894
01745
57175
89208
34075
23555
21256
77932
58699
10263
40842
50634
79577
69593
03126
05839
88217
99016
63444
66863
65943
54649
50987
59290
55090
82564
45752
80643
45557
36367
59348
81953
49167
15224
75179
54938
05908
10927
31556
63255
19138
92739
86032
77035
39375
40527
28657
99043
78047
76442
52231
75140
18821
43976
45443
02504
21480
60836
50536
29956
39084
82916
06589
75771
31633
19919
53025
34512
59438
61545
30765
72032
88627
89328
40575
42926
20491
16119
51222
94528
35272
85690
23105
77162
27205
03198
87917
22305
74084
70366
44248
09615
52749
67782
94558
50031
66911
71761
97568
58116
75510
81331
50675
81363
31986
92080
66272
13362
21505
42516
26329
89187
43608
31892
02643
87314
91557
74497
46302
97443
10611
92697
05751
53822
68688
24442
91527
69654
07774
69517
61348
26685
76006
23583
92756
24033
28328
09496
16687
46056
42582
73818
97707
28641
36681
76758
44902
53064
35558
78641
51074
75635
49387
80199
52944
85199
38269
19937
17404
49245
54255
53678
76949
70240
67270
33288
61741
47064
22682
61853
82033
59048
02955
35230
30861
45300
88671
66073
27381
94609
89563
87150
54865
08102
06508
47610
25269
55162
43206
77820
57299
71315
38124
40221
25313
27500
70816
85050
04820
15718
61358
63710
60736
20746
53839
82008
20056
97130
41450
89311
05278
02789
45690
38160
34708
25439
83682
88497
17104
65159
15464
92429
43226
14995
81724
68353
24016
80272
61900
59223
74507
02698
31443
00589
58919
25681
76356
82523
76555
77799
79952
99288
51266
48235
26877
44231
60860
66751
80251
59532
18447
02179
66075
87147
94245
14509
08440
60302
84577
02326
67712
44019
71129
71602
21608
51594
17504
17862
99222
40971
06494
04786
97887
50798
45159
18230
96499
60081
76948
89073
55134
64485
07856
43075
95569
23479
75434
13395
01976
51428
04320
40172
36346
33695
62166
59679
33066
49989
51979
39653
44511
74985
27055
09794
43276
50754
86639
68943
18503
46323
16310
66527
13089
35738
22905
09859
94704
45820
22243
26692
15702
44142
84461
78569
44803
65595
04317
75430
19927
66234
49205
64591
97859
50937
40433
63132
66782
55360
40481
14905
35615
09593
57516
44037
48501
35055
18922
81788
55009
70828
33175
19783
30465
63704
92388
48690
34311
10895
50119
01488
05908
30382
55559
02675
65368
92368
41121
95986
87139
87311
73392
54051
68694
49540
68211
64877
60512
86493
46788
22870
39486
28733
07826
35567
67678
43077
21391
66270
36717
63674
91267
36144
29310
27246
07936
09022
29599
10986
01155
30414
09438
27757
77346
75115
74543
33367
35909
99916
94030
88275
24081
10838
14271
97289
31098
89538
04121
63405
11280
30441
17305
20809
54825
86744
13458
16488
46878
23007
15890
76410
13901
18161
77487
23930
65913
65575
65953
36696
34085
54678
99642
29070
48344
38304
47723
24043
54685
28926
84852
73700
95186
84616
52077
54993
33236
14708
69691
22658
58480
39117
67220
06331
27355
69028
82001
04519
46415
94203
58311
86219
95100
93713
20215
14557
41798
09367
91681
26174
79666
84477
43657
34634
69733
91570
28176
24481
97512
08052
71528
80428
33766
08406
30070
09673
02131
15750
78643
63910
90924
17282
23862
60481
05168
89005
73582
91815
59923
00077
76758
10174
34528
29632
19592
53255
26855
47994
24439
51360
09131
01345
86544
81400
32305
37097
38989
39508
49347
29099
44563
74115
18409
38262
24735
26008
27634
75059
01870
35414
92164
19586
81317
64479
24772
97244
33901
39018
35955
51568
63439
55046
49186
36821
25123
65309
34047
91226
34978
04458
65620
81296
66106
84675
99019
01662
22327
63202
81402
72352
82231
81453
00725
09551
88583
77234
88452
19380
21123
13575
33375
92469
70694
53330
97501
31182
80014
07364
93071
67717
70434
03025
47763
12290
57495
87168
38280
60069
81067
51739
10111
97696
88614
28960
38148
18305
38237
87925
99285
60745
19800
77572
02675
16074
20659
14413
43307
43555
14575
44526
11065
00552
02523
25866
44348
08241
49257
01735
95085
52487
52449
84029
00994
86312
65624
91766
74824
19582
28078
73464
51168
12586
33976
67449
41670
88859
10596
11891
39955
38373
08339
49365
31551
50001
53079
09528
78048
43614
09480
41539
23260
73925
43372
09521
55380
79596
45163
76777
47362
79980
42909
00571
93571
75152
74461
31440
67673
51075
29557
23784
48747
55251
32652
38157
19310
72076
44258
37883
19867
67877
52806
96967
11553
00812
60907
90764
31393
09463
38491
75372
46692
36086
63414
61193
82191
51885
14285
55965
63656
46341
72656
71205
90466
63671
47961
38328
85303
31611
43438
82676
83933
82874
66243
03950
96095
34198
32322
28561
53350
12352
69022
74411
25032
42947
93802
96094
07333
50991
54834
26999
21411
42611
07244
67975
73866
04480
72399
78124
34270
59934
79991
66507
44432
17233
80797
99242
27256
93636
73404
71082
85928
64649
04622
04807
33424
00626
19157
78123
52008
95659
76121
36581
94077
13097
51728
88670
62182
28310
59740
53616
16548
70282
74857
94184
50734
68672
96748
51158
57441
18539
62596
66586
65943
27653
57456
76120
87696
77914
24298
70432
18712
36593
51897
88205
29728
07571
00985
63764
01133
85935
02257
89206
90692
49288
37838
35333
74124
15931
64437
57105
01786
99750
05675
01855
70786
14507
26715
03696
44219
39038
94497
05029
21211
23178
95699
43702
26059
97768
49418
21238
29819
62183
07881
17298
23488
86643
35874
09059
76500
68865
88387
01519
04614
25263
99976
67581
40370
21076
85937
28834
94163
80466
60873
67150
17335
50814
29016
77726
25446
71313
18188
66748
47764
76866
06268
84709
98000
00827
38754
08123
80355
86371
52521
23613
10491
44506
79429
44405
01401
49134
21816
93708
93705
80222
74472
44914
07963
97324
30365
93181
91278
82209
49588
82193
36523
21185
95203
34091
86278
96737
67246
51888
96796
88744
53012
20365
21038
39524
32203
10180
67842
64610
22920
69882
76489
88502
95737
83139
36153
82714
99969
52720
82729
12947
03194
75087
49313
76483
93327
17321
02321
21303
99716
22659
86009
21749
69693
69458
93792
06533
85326
09295
36145
54810
50273
75756
13768
33882
51958
25730
53869
75768
43970
83253
79995
70292
14639
63912
78998
51955
06749
69402
29303
70436
23707
41520
45658
68989
26974
79475
39753
06841
58898
55975
01471
40350
41330
83691
73613
76009
34145
62314
94064
27731
56505
85586
07605
32623
43160
47413
22225
77357
04221
62340
11954
67410
05282
48552
17323
56642
78108
20774
27213
72169
61398
37261
32091
56231
48288
75677
70453
55813
14857
23378
59774
34995
95715
72734
09804
91023
91718
66615
47701
30100
96970
59908
39980
17522
05958
58375
57696
70519
96542
56732
70572
57229
50293
09878
18461
14746
03392
06132
70935
61618
38353
60222
69986
43170
79890
25447
49322
80922
22865
99680
76639
45839
54218
02566
10485
46402
26763
92482
24385
64149
71993
18579
96315
10521
10825
38625
87856
59092
94162
74163
99584
08322
34161
06816
07003
58923
61843
65740
58894
03481
55857
01948
99967
87539
56822
50515
03472
07917
88653
20605
28229
82868
45123
45040
96390
68879
89480
07031
63255
60006
40935
68696
86073
22849
00576
59571
53730
45358
51033
56141
30515
08267
65838
60402
79844
29901
13399
24032
32127
44632
63659
51928
21996
23673
23522
63619
95800
48041
61089
76649
10486
53970
74151
30230
66369
80229
16917
61544
45146
56055
33772
08826
80180
77100
29272
40678
17041
93843
01248
46473
77911
03755
34445
48210
78156
05396
98953
84563
09102
91940
19783
00220
86665
52336
86904
76660
14238
56145
36664
71040
74366
98395
95002
08632
44487
36150
70906
23043
03124
28048
45702
29121
88661
34090
24149
79151
19923
51680
25176
21363
11674
68477
99209
63380
43386
60161
31946
51351
38958
94577
02617
75698
71157
42860
42059
37982
58707
35665
92500
20181
51043
50634
06092
77304
03715
57267
21555
39189
22674
77420
15401
54767
12263
28483
46457
66569
62660
50129
54787
00347
27302
14542
75486
27459
32900
54529
21149
10285
54882
49523
05842
38348
63971
33885
27256
29467
27684
85816
07068
56872
68021
56425
46940
30584
68378
72115
65212
82561
14006
36695
30242
64237
34513
11269
84954
41744
53466
09401
80970
81467
37039
32375
13443
34677
81474
66301
00534
54060
45356
76188
40187
95956
25204
73075
35361
52982
36881
52378
30965
97657
16047
96595
05879
15835
58606
70878
51111
72157
90735
92113
79280
30852
84339
01728
46328
99560
54718
83712
41173
61352
47723
30061
56485
33304
77282
14170
30889
17263
78179
66980
78271
12116
76414
71164
27374
05443
50554
87782
97882
09165
76843
66657
14229
88049
14172
13832
34193
70035
60570
79936
14319
82457
55965
79005
99068
26554
65699
56231
74971
96026
04668
39822
11036
54466
32793
59461
41364
97878
01217
97512
16792
02894
54739
26718
65564
92745
83680
52795
02513
21634
80347
09608
25196
67829
15578
00811
76887
18105
98929
39197
86189
84116
99434
32965
05188
53290
54667
78338
25735
45984
93750
19064
09196
51189
28016
50237
00631
82376
36731
67906
88727
19288
05090
43668
25020
68344
71898
91946
45868
74133
70762
24375
08477
74104
18137
01610
36897
46185
46022
74797
44111
04391
90788
83489
14405
68235
64112
20348
54436
13606
34499
90645
93120
79091
49880
77506
54514
22831
95954
96984
76705
46665
38649
78180
81774
85994
86249
70708
78668
71878
90610
34746
54809
59600
13771
82963
94672
05195
37806
95599
77500
99377
59386
33456
33583
01051
06874
16470
62880
19174
55630
92567
16831
08795
98515
27304
45538
34137
35150
20886
19854
70766
13004
73715
84246
04720
21358
79713
90797
55824
42958
59397
99710
40948
29125
21800
32937
62752
38283
80168
93938
40697
71262
69994
86411
28900
14617
18696
67553
88186
89671
60012
73243
78990
81703
43600
85125
95271
57032
98977
51935
18942
91905
60407
02320
70594
39183
24904
00453
42999
75868
34656
67519
38859
12609
02020
01677
50195
04883
34614
26984
16964
83583
68355
06574
50282
78096
65126
71609
29709
39357
48780
07331
08219
11202
92408
35544
99108
02335
38161
07753
65628
03379
62766
86929
61385
07774
84130
77414
37638
12908
52644
78419
65849
22568
44659
63630
15204
34421
34232
41508
67809
54104
07911
17371
88996
42398
25231
38149
11492
37395
43941
95821
18126
06438
50580
52988
47035
07519
23177
14239
82650
67857
17120
40180
48115
38851
45930
26380
61192
55674
92237
33365
73742
59857
46377
91105
11129
40654
64547
66242
61930
29310
47653
76438
06712
72503
55105
60010
53077
97228
40494
56755
65567
23166
09496
28900
61880
76848
47439
19261
59456
57222
85383
47371
05829
71988
05713
02323
97844
99213
24032
20774
28732
88385
03358
84235
62639
52045
34222
70933
83594
90220
48843
87513
45606
68241
29132
85021
49582
06862
31765
69228
81887
15829
24518
83479
70061
05950
92746
63575
74606
21714
89023
55944
68475
35539
25919
65662
58135
26995
26764
73008
48861
18849
68702
47109
84653
68669
74972
75296
18300
85926
32761
79118
43387
60579
74935
04749
52024
83532
27185
53977
07678
55283
70707
11896
29554
62046
85652
79452
06463
29173
89125
40671
68873
37112
61618
04367
89713
50247
33212
05024
42365
73423
73372
87041
34068
03381
43342
87965
55689
74946
84512
23868
93721
01148
14272
45746
78219
82419
70737
13114
29234
92257
12587
95001
01839
90556
38438
96072
92155
52498
78289
29439
33621
75872
28058
60354
00299
41442
30789
32522
32893
90525
63468
42646
88163
83581
59941
72167
53415
38611
60129
05018
20165
32736
03467
60471
66937
78458
00342
82260
71482
10503
69517
35737
04484
45282
46581
29221
92792
11167
78202
10886
87865
51740
84832
52534
35060
08804
77531
89034
62129
54654
01541
75529
45708
73823
65047
59046
97706
52889
64419
22617
24868
52757
23416
64720
56671
03428
67939
72828
51325
00203
79367
13938
93909
44349
70948
56706
07588
42908
75321
49660
59243
64560
05951
87939
72566
64014
13760
34195
68731
22324
80016
93049
87197
96731
88293
26635
70734
45941
74063
18357
78829
64721
56213
69494
19714
78186
36407
96234
45431
89771
06535
13869
04721
67011
24561
23081
96833
37202
36174
49467