48458
25004
17494
22463
56897
07940
03771
47342
64058
71555
80980
78301
51973
57022
46917
00162
19573
48278
60137
76178
69606
47476
31029
33367
95694
09486
91286
70039
77564
45399
80921
85671
33400
99770
94202
48537
13609
81915
13297
01408
71072
97396
93582
90615
33971
50312
58527
52274
39192
01998
16625
51418
55081
37586
62560
70544
15140
05235
91456
20556
86493
73694
01345
71800
79669
34333
68276
93904
89412
13535
66031
76905
40911
47516
54595
78274
76857
22635
40944
69075
15190
36449
21145
43908
32742
24222
12849
37030
38102
95640
72965
17747
52301
32259
84370
25498
46700
17960
13428
62710
82695
99253
98425
16042
95463
28854
04976
74251
42482
55467
57994
22809
86611
87096
40191
78157
37502
09128
23463
50074
06078
87460
56777
15801
35468
04976
39246
64912
64639
66401
08496
71722
37416
27713
66651
84439
11327
61193
51496
59906
42143
84410
96058
19538
36778
78673
25651
49295
25582
69561
63652
35528
44407
12138
96047
51643
67512
94900
72587
53510
87111
99314
99098
36417
69748
59698
61687
13950
93770
36744
18578
61714
21623
95610
08823
32346
01985
76432
50450
98088
79253
88316
50737
80550
03334
27284
69869
37276
37872
18455
67541
06794
06329
38039
30048
82350
91996
14736
14729
48963
97062
52404
26022
97679
64273
46450
68087
92607
43170
55418
84772
31626
86982
17145
99288
67139
40116
59200
37598
54038
73496
24186
68168
94439
40918
78573
88041
32159
32764
86048
66058
64943
56918
95137
84763
07701
35693
19214
29556
14560
71917
11764
19191
79937
07833
43254
57670
34664
91668
70915
40320
44484
36957
60112
57068
27153
37247
72770
00228
52004
88723
22042
81401
36562
25188
92271
46472
02083
75567
97372
71006
93127
38453
30645
24900
62919
91933
57599
51579
93926
18367
04761
24106
78318
96342
33883
91811
52593
47245
42266
18115
75659
00555
99357
32143
96316
53469
63694
63315
78778
73944
53292
60862
94488
05128
47039
50821
75679
90940
67408
89972
13768
17196
37461
00293
80808
75430
38121
40997
35606
68299
72570
71757
90679
41878
02875
76052
89839
89238
43092
74672
75110
59714
66529
51103
49152
90317
57621
19872
78565
86304
79331
69216
42884
78922
97242
84051
55249
47626
03093
24545
85740
18807
79595
27846
90600
27540
00637
76757
48764
32739
64789
85842
94238
87853
05044
27834
94619
39470
99542
88339
30564
56285
61635
17696
68761
72776
42589
19098
44156
63830
75557
73084
03416
76382
17702
40941
37230
72870
25945
42614
60600
29568
23067
11533
36729
14850
08617
10805
92563
91286
55937
44243
87956
01195
19842
47133
84577
03511
34909
75294
33445
48099
07695
91782
50805
25365
48427
99019
25604
61856
75715
32068
65088
92700
53885
53661
97459
55638
98842
65673
39491
59010
52663
17682
95502
27634
61946
82875
43045
90950
82348
12248
21503
77384
49440
04476
29463
74110
40589
82425
84782
57747
45996
94347
95429
51350
85101
84201
16336
79044
01262
82002
98523
87950
38616
37565
43557
33330
24590
60404
09103
25080
19477
53767
01923
10869
12730
09284
90073
41710
19484
05213
67734
32861
56706
43310
03745
30749
10245
76017
05877
17292
64366
69490
16607
99700
72225
55189
98984
78020
79695
96181
86738
93681
68723
72160
08132
98834
09802
37671
19296
58763
89723
04889
35116
96292
41946
63582
03624
69771
38290
11834
92018
21181
52868
83445
88963
82649
18729
95633
22135
13182
90616
90375
14887
75435
51798
29844
71800
40508
65636
23269
67449
78751
85783
19227
59526
32694
20411
09967
02143
40876
63786
34945
58455
80527
55491
44529
83665
63691
09322
91289
81017
17313
81321
60799
74660
85032
48326
05795
69064
40140
80255
68279
62655
40227
54960
26526
88802
60181
02480
21511
72093
70659
42037
20247
24187
42436
74820
48393
33538
92170
73408
18309
14448
64466
22181
88371
26349
90302
97247
72856
83150
20595
16306
23780
25819
34980
05232
06655
30568
91264
56694
16390
22005
76407
89792
00756
60723
70368
10540
67214
24481
45805
96088
89415
27298
06840
34013
38741
55142
74940
51536
84578
33844
58159
17064
87001
54763
70905
36443
65145
58734
02818
44602
67234
31804
01318
90594
99551
15002
29761
91160
67264
96337
14536
93592
40342
49024
37436
55845
43307
62221
48392
56397
09541
86110
93183
00153
45533
29752
79173
21359
45437
92326
60784
44949
95828
86523
13245
04462
00376
89341
02657
51990
92954
31604
54388
64903
35669
56044
72144
44815
42622
22713
76848
61422
71449
06754
63766
79060
93683
78868
70528
63009
88666
93971
21285
61658
79873
85678
81190
66445
24555
52444
97485
32697
79296
74676
83610
91323
97812
44069
01706
88817
86581
08287
30906
26651
42998
96842
51575
32978
12057
23558
85703
09599
40011
17882
43738
16298
35697
85001
07554
23053
07117
51887
28807
98434
83265
29881
20833
70092
99800
61340
54656
44558
18781
55752
17274
32796
75782
81069
48751
37776
62083
91408
05252
05150
68805
96673
56643
52563
68229
44990
78112
17485
44593
79067
38273
16922
69245
47810
49441
69270
41436
21360
17685
28250
19718
37235
96883
73488
73518
68481
94634
78303
66299
32019
86695
97372
38672
39072
13240
11249
67745
84992
84960
04556
36078
72943
85851
91465
09234
85385
07356
55212
12577
72960
59824
88784
31121
42943
80917
34541
50626
32404
73784
00799
04333
43755
26672
67720
46111
43476
59099
24429
07727
14682
92173
02102
90391
42238
64950
03007
36814
06360
61726
83379
65373
53876
03163
55715
83529
42887
02897
51906
67653
39482
33221
23102
84026
37221
82250
40914
39861
33319
95694
72772
88133
86843
34432
31122
92777
44978
24662
51482
14158
56099
75904
45249
26804
57236
59078
05777
54596
55303
09179
01450
58699
07439
90956
71876
68406
12983
02079
04261
38984
23156
54075
36067
76257
13371
20986
77569
41666
32513
08917
61304
56849
36731
12803
37239
53642
94181
85257
98601
78967
08476
23826
18788
30643
17396
09237
70092
22280
23269
44412
65536
81495
99571
07213
19177
88912
51051
74095
06096
90251
81258
66708
27229
14009
67951
75798
44762
40735
52929
61550
96032
54946
98436
57212
23972
08718
97280
36256
03676
54999
69004
98211
82196
09138
18153
10072
94932
46568
70652
69699
18996
12233
53706
95799
62019
38890
74887
49634
45412
32405
75330
53723
53152
62238
78608
05303
12184
05111
43116
91102
74287
81328
86475
27254
00017
56616
39806
67100
22866
97469
16262
20844
81829
82165
61650
91970
24267
61571
72317
02859
15766
49224
78663
57891
76820
94990
85711
63528
14611
05399
17127
77417
55333
47191
93325
68040
95437
43246
04571
04140
78828
63631
78129
86074
29453
96349
21256
69161
58921
44823
34812
84224
92540
29517
59266
84023
69935
14732
68623
60293
08199
09709
20916
31682
62195
99348
52940
56208
09478
01679
06656
71183
09998
93239
97154
81631
44669
25274
17353
26479
77202
06345
09801
34225
26464
53411
97482
40789
56325
25814
48658
25124
74437
48548
45412
78931
15385
50962
93315
14190
39993
53621
46289
43626
18626
63030
61050
03850
55873
19722
82434
46806
67640
40511
24546
30739
01783
84255
21226
04279
83281
86650
16425
70634
00239
83695
30631
69066
17959
25935
79291
18206
25781
29273
92050
99085
61537
26543
21064
04109
26717
30667
14240
13784
97806
92018
09073
59666
53725
82773
26764
55383
61208
88537
46266
49371
30012
65370
54456
35532
71863
30802
47279
36068
63881
70435
01733
34405
72065
89201
73483
60943
97510
06099
53736
95296
55386
16435
62810
30665
41207
28226
65807
89030
69671
38647
31381
64656
04381
96254
69945
70180
97040
61717
34417
02817
67433
55247
72343
97969
10652
98068
06682
14629
84578
68805
02813
57660
18612
49170
91460
76861
44689
36479
09341
82762
92156
42461
37225
13932
12067
62389
45496
01043
58380
77503
44251
80979
19172
70368
17052
90713
08736
45963
76297
81721
67620
04585
90789
58372
05833
16931
27858
85121
48948
27072
55444
48474
95075
20809
84550
06664
15670
13779
89826
14164
87745
60683
52516
02394
95113
77569
60994
78279
66631
83976
92393
94329
76028
52669
31080
95416
40130
98577
68963
72851
74318
73625
67219
53886
84631
25016
26184
71274
51296
61292
35315
77740
38590
77710
37540
59811
22041
92950
01705
31507
48389
04795
91728
73599
47047
26890
49852
33893
44597
80698
74264
70439
67629
98155
01703
76730
22335
31425
73022
99376
00069
10896
24950
88181
90009
22541
81258
64703
61051
38055
36148
11639
42110
49903
02068
29435
36618
30200
85790
69678
09449
64424
76125
35887
76350
72606
02785
11095
86282
12147
48016
48130
32552
39710
13655
23521
92305
43702
48342
46861
55322
25116
70672
08549
41026
26622
52705
88237
98437
01896
53501
38372
21373
74905
13542
47870
22238
35369
01580
14667
29434
23029
06725
42093
23132
82118
19516
60077
63521
31957
88742
22771
77167
76696
11763
55920
74849
65635
73490
60247
88429
12036
51840
72642
21868
27363
40428
15583
80428
20221
21416
92971
21806
02246
05440
86679
88609
05220
14921
51222
03966
82416
85375
16209
71766
90512
63272
12138
25617
06473
16032
48810
02525
09498
60929
55999
13589
96621
22092
61217
91270
59756
42482
56347
28179
18295
94417
93623
54098
03047
23171
24274
52617
41411
89276
34756
68952
13151
13473
86675
69661
90902
63835
36186
82422
92591
89552
44953
10025
93714
77837
82683
75726
19300
35959
10401
72345
44419
79405
78137
28061
09136
84820
07055
79127
81151
52611
49954
68277
47624
81764
36688
42062
82897
67721
11982
59659
09007
54037
02820
32150
49706
15050
35119
65084
23363
36591
64364
82654
31476
83075
68894
55284
49190
05533
75033
84112
63598
92140
34778
43568
76602
57297
15313
90777
47631
20952
33454
02951
86733
52767
65409
17592
24192
15127
59360
83930
44018
11382
00524
01449
12964
23866
65875
84406
08013
11373
03153
11810
73477
19140
57141
08051
10234
63950
84740
23528
33394
74451
99065
78919
01862
33470
28996
21366
91790
90174
48602
67438
46029
11770
78351
34578
42145
04464
73158
17831
64034
22644
61346
39445
70978
04996
25743
21639
06989
62751
66870
47173
71825
07010
97542
71169
02584
25532
96628
50703
02877
64110
98272
36258
13999
07358
09278
83324
97127
13756
66084
59310
44055
59620
59617
13075
17422
50032
42013
47582
32384
73358
50218
65182
39401
25992
35149
48217
81566
63585
06457
11953
73112
44603
22019
54602
83824
74273
85115
01755
25714
37576
79255
38384
80377
68558
42717
54133
76840
73535
08862
57477
10795
50501
88885
75845
42695
69164
54386
33894
86959
88021
05546
53910
96425
79966
58132
38503
01911
55601
97623
75957
20525
61142
20594
36815
60883
23647
55258
05286
23923
06320
23481
51670
92587
48052
74175
76393
26308
77697
35584
83905
34037
99012
48684
55165
81970
23719
01788
66410
74145
73806
70270
92736
76725
43713
35547
21013
65942
59670
53304
80661
67236
94476
03596
29920
40763
56507
86888
67031
82793
79978
99819
86245
63894
72308
01979
74958
19701
23845
81432
90773
05258
20739
79486
29160
36404
85212
45731
64062
26617
57451
66451
45331
45282
38266
28589
45888
57180
60905
13144
48187
35217
21324
03765
96001
38640
18300
60801
71082
66143
36284
43529
19614
42674
33723
48798
91866
46256
78253
79996
28670
69989
38096
55641
81661
21728
21403
15438
07960
70729
27400
40520
30603
68684
41192
64975
87823
28171
16035
24403
29162
94823
38290
19604
33448
30845
87889
74998
74438
73670
13668
15636
74040
09197
45203
59628
80509
02698
35877
01450
37476
06373
76545
30933
43869
90366
36373
87854
33847
26311
58832
14352
43383
25909
50934
77736
73900
23437
75304
86568
79769
00793
47658
91100
77189
50520
73262
76597
22844
21064
23538
39233
57913
36551
09901
09034
64016
17643
41123
00453
51711
13696
22581
22786
63560
68421
85165
33702
39652
43920
78333
26618
58781
36645
16299
67450
46099
33365
80527
83355
87713
40809
65683
13553
24230
23895
56677
98005
09805
47761
77129
04657
24471
50209
97511
18171
13908
30581
52229
78959
03504
07110
54907
91627
96024
41587
42588
46830
60672
56510
04636
11724
01214
60251
12795
31906
59052
13369
06708
99173
60969
23650
43060
98998
21132
69460
87389
70299
31491
94465
02933
77162
19150
99108
73851
87154
52617
64745
31533
13174
27711
02753
73325
06770
70041
69292
79256
83131
45302
83571
88323
83380
50923
57109
27088
58353
36685
73160
56404
04056
08491
74638
48577
24111
21729
56855
48336
91298
10377
03476
79951
61299
36183
34676
07597
67269
90767
22535
42063
87022
07917
17389
72532
98646
51414
07950
11312
38464
08161
72023
84046
57047
97001
37264
55227
41114
98755
04639
85746
86783
84958
99609
56746
94305
37396
81962
93181
69015
95048
81472
41823
54128
14124
26286
09658
57712
62211
08127
89206
82548
39120
85488
34628
24019
93701
77664
20146
00797
85757
83528
60184
32658
57919
75066
94675
79628
34776
15636
29587
18168
52472
72368
68519
11794
36817
09725
08772
75502
39615
21994
80230
05848
05530
37449
11822
89220
12464
18997
59494
11137
62779
13990
86394
18965
73592
93750
68003
40485
42722
47268
51175
97106
25930
88308
18440
37926
92426
07897
68354
38709
89454
75589
43039
18750
75398
18389
78303
37457
13666
38233
61218
96817
68724
34215
63212
65223
44449
08432
57876
10030
14288
35323
47372
44267
17651
45719
48475
95221
72607
09645
31617
85462
65451
09632
35449
01949
67399
43573
10620
65813
40620
99018
10887
73855
03204
92199
99647
81443
82587
36325
06483
83245
08268
67153
92151
24012
58113
59199
79789
87978
39497
27237
52142
30575
82491
78388
14814
33098
89645
35308
89123
82943
54247
75926
85043
67465
49955
92856
29200
25092
68272
19021
19230
90390
29032
58344
96083
71988
96075
47463
93399
12919
92113
31826
02616
59478
83378
48635
85091
63851
89053
49572
98779
02105
84147
30996
43596
64372
98927
92423
69670
20579
17127
23332
10135
72621
65721
87464
58344
12352
32990
46950
23413
95345
47871
18435
02254
44872
31813
85436
19444
51776
62403
64431
85263
80593
69210
19412
85438
32233
81131
19542
31243
59716
69228
77082
77866
19163
79435
18892
79659
84454
63443
07753
44361
63196
06282
37970
44245
48069
11424
06976
09279
63577
55230
74712
88127
66961
28943
16238
37272
12461
67687
28173
99795
44976
48957
27606
41129
32940
53485
32646
48405
56816
40933
67628
16455
73811
28448
39964
45470
07160
77502
01009
07181
25231
67333
73339
26286
59554
20076
59961
70765
64980
76555
18061
14201
62787
71544
01103
44900
81144
47959
06230
09285
14785
55065
30097
05087
64008
44934
03759
13362
79682
78817
79529
83352
99267
10596
02373
04205
75694
76923
98069
89639
50934
91866
88548
62503
75788
32631
49012
45910
84580
07871
60165
78338
75684
57617
37493
28670
09873
11271
65973
85303
25620
28883
44123
85512
08371
28979
40272
48559
37270
46478
58317
85209
40748
65917
24602
75960
27683
93946
01265
22070
50949
03630
68560
01044
38803
26838
50763
45342
42908
31105
27306
08281
01995
71039
75314
19023
67290
89668
10214
56937
01724
81467
82216
32080
40921
30659
79500
18578
71363
59060
01260
64342
19425
97116
02478
30139
11042
85587
92355
17538
03954
32780
38165
69959
60146
32349
39200
08734
37020
05727
27837
97996
88617
62918
01159
85899
68084
13933
23660
68941
41648
16008
25837
51154
74545
12323
73403
07089
23717
62499
55614
62862
99726
18641
19405
72687
79801
76959
45135
84131
65671
34569
22180
02320
83645
20687
89095
79800
25530
30073
74597
21669
52507
15948
60947
41600
04112
02688
20704
01930
83885
64611
27698
63441
28679
44251
61191
16418
62864
17443
70145
68293
05731
17308
40389
02946
90442
25503
76963
02155
07736
50892
37768
61916
64644
89127
47380
46502
00892
13244
60381
77903
33874
41480
84063
99905
74816
71869
71863
03845
72069
90916
37226
14352
84333
45901
34746
07407
90181
74264
07816
05389
79482
12475
71489
96392
69669
49695
64358
57354
86623
25990
55477
17171
27136
78189
20303
04444
74629
66590
66676
67914
51218
51967
44638
72569
07083
64233
13970
93660
05009
77936
24747
44497
92507
57938
20170
41422
83241
17895
91852
98031
41986
25341
05967
52119
06889
02045
29276
22088
63459
31997
50291
78164
26896
99412
71585
22219
75974
07824
44839
13738
09729
53344
19311
29338
34548
52595
30294
57404
39720
00759
89913
74399
07557
99356
05419
36797
99831
34754
28377
28224
79684
62692
59599
56692
17814
00883
37134
95135
40723
42349
07741
27993
15210
49828
63852
94876
84058
24648
66003
13475
92536
90182
61638
84478
60762
02061
02629
91586
37416
18857
24617
12859
33239
11252
80911
18327
44862
14073
01225
08356
30809
61993
96841
57234
29082
83961
79377
45702
84721
03236
01312
54344
61034
01483
66377
71795
00456
11617
60655
39572
45231
75117
40741
91776
47856
92944
14911
80660
01114
57313
91502
75566
77706
42186
68374
42497
07896
04767
78084
35031
33187
00551
71056
35121
21864
68018
01402
72947
06471
45384
69722
55584
31387
37612
05534
85443
42791
66529
42953
54042
68788
78448
60921
62395
40983
43632
30061
49429
92313
25031
36816
01552
91336
84406
03856
29076
85723
32948
72291
59442
07775
88018
85418
45525
98462
41058
91748
77408
79671
64586
11465
41481
14017
04081
55443
89325
77030
01046
35652
57240
15105
17351
65885
59950
70137
49520
55271
20970
07741
74658
00047
59085
74132
72292
57288
21630
31992
29334
41926
40953
99720
38758
09646
15224
26684
47607
25372
55079
67002
50183
52893
14870
96273
94766
93447
25243
76289
18331
25275
26694
44730
04762
57271
66112
58895
61779
69972
61964
65268
42085
65609
22547
78193
70743
83097
36374
73525
08786
62732
96493
37909
63992
28463
83648
51470
36608
77426
72232
18927
83998
52148
88758
90328
71402
83629
48414
15433
79287
86714
86742
33494
91285
31654
18055
57080
16867
61293
81725
94946
83594
63012
24592
88030
95798
07109
50864
85033
22506
15674
23417
62464
92250
95224
85788
08516
82219
64665
65823
75552
00515
55354
35798
34065
63187
85971
74259
90362
90593
08054
20015
38961
67810
01880
59697
67236
57024
66492
94129
99891
58134
71646
14373
30082
07844
01846
56285
46332
72364
51977
93969
44177
37321
47961
49607
14505
58571
80239
41601
26059
69803
90241
97374
19174
44292
94045
32693
82326
97810
17907
94652
97148
01692
45604
19623
91595
94347
38190
56765
91203
87062
45296
96333
07619
32411
89658
34346
23408
47238
08022
38272
43598
25014
71167
37629
52799
78608
96809
20323
99838
12482
61570
81207
99685
91340
31175
20625
52270
50570
73466
15962
53558
31547
50670
72481
99084
25210
58922
27849
73254
88573
53114
31854
64072
93501
48939
13364
90691
54456
88986
48445
52014
01413
75172
08190
45935
36408
58153
08832
31327
49070
47909
41228
53554
41660
35275
47831
62218
33983
89277
62408
52917
28378
12132
36500
31288
37434
59474
95097
49274
19794
11906
23576
36092
89517
92781
14768
61158
68204
25390
11146
03155
65587
87545
97916
08209
09447
93842
19623
35041
84360
78846
87233
84354
96806
56438
84006
03856
82426
58764
64505
96497
68814
11299
31498
29484
39894
95743
44564
98445
20431
91799
67341
42183
61227
22914
82578
12698
27450
89888
80912